RMSE: 16.38617264345602
R²: 0.0
MAE: 13.586889957941185
MAPE: 0.08583560568252362
Accuracy: 91.42%
