RMSE: 66.67754929107099
R²: 0.8681069509811183
MAE: 31.287119457603012
MAPE: 0.21180348023862072
Accuracy: 78.82%
F1 Score: 0.5862068965517241
